-157.9241587,21.32759977
-157.9241587,21.32759977
-157.9241587,21.32759977
-157.9241587,21.32759977
-157.9241587,21.32759977
-157.9241587,21.32759977
-157.9241587,21.32759977
-157.9241587,21.32759977
-157.9241587,21.32759977
-157.9241587,21.32759977
-157.9241587,21.32759977
-157.9241587,21.32759977
-157.9241587,21.32759977
-157.9241587,21.32759977
-157.9241587,21.32759977
-157.9241587,21.32759977
-157.9241587,21.32759977
-157.9241587,21.32759977
-157.9241587,21.32759977
-157.9241587,21.32759977
-157.9241587,21.32759977
-157.9241587,21.32759977
-157.9241587,21.32759977
-157.9241587,21.32759977
-157.9241587,21.32759977
-157.9241587,21.32759977
-157.9241587,21.32759977
-157.9241587,21.32759977
-157.9241587,21.32759977
-157.9241587,21.32759977
